P0: 2355.722801 0.0 988.138054 0.0 0.0 2355.722801 508.051838 0.0 0.0 0.0 1.0 0.0
P1: 2355.722801 0.0 988.138054 -478.200589 0.0 2355.722801 508.051838 0.0 0.0 0.0 1.0 0.0
P2: 2322.4 0.0 667.777 0.0 0.0 2322.4 261.144 0.0 0.0 0.0 1.0 0.0
P3: 2322.4 0.0 667.777 0.0 0.0 2322.4 261.144 0.0 0.0 0.0 1.0 0.0
R0_rect: 1.0 0.0 0.0 0.0 1.0 0.0 0.0 0.0 1.0
Tr_velo_to_cam: 0.025975082360788694 -0.999642059067221 0.0064069368809924025 -0.03133254123237729 0.0020265251933333007 -0.006356430357594172 -0.9999777442467156 -0.448742389033036 0.9996605365282711 0.025987488084765583 0.0018606910149561455 -0.7072446993183079 0.0 0.0 0.0 1.0
Tr_radar_to_cam: 0.025975082360788694 -0.999642059067221 0.0064069368809924025 0.005772892164690582 0.0020265251933333007 -0.006356430357594172 -0.9999777442467156 0.6137862482498115 0.9996605365282711 0.025987488084765583 0.0018606910149561455 1.8073417391972324 0.0 0.0 0.0 1.0
