P0: 2322.4 0.0 667.777 0.0 0.0 2322.4 261.144 0.0 0.0 0.0 1.0 0.0
P1: 2322.4 0.0 667.777 0.0 0.0 2322.4 261.144 0.0 0.0 0.0 1.0 0.0
P2: 2355.722801 0.0 988.138054 0.0 0.0 2355.722801 508.051838 0.0 0.0 0.0 1.0 0.0
P3: 2355.722801 0.0 988.138054 -478.200589 0.0 2355.722801 508.051838 0.0 0.0 0.0 1.0 0.0
R0_rect: 1.0 0.0 0.0 0.0 1.0 0.0 0.0 0.0 1.0
Tr_velo_to_cam: 0.008165559536184884 -0.9999654854673377 -0.0015334638999611712 0.08749686458036277 -0.007155442920435107 0.001475045689574084 -0.9999733115822772 -0.4164032939864676 0.9999410599000692 0.008176314223727743 -0.007143151380269915 -0.6955577980059064 0.0 0.0 0.0 1.0
Tr_radar_to_cam: 0.008165559536184884 -0.9999654854673377 -0.0015334638999611712 0.0881691239274013 -0.007155442920435107 0.001475045689574084 -0.9999733115822772 0.6231794103543644 0.9999410599000692 0.008176314223727743 -0.007143151380269915 1.8288740636023197 0.0 0.0 0.0 1.0
