P0: 2355.722801 0.0 988.138054 0.0 0.0 2355.722801 508.051838 0.0 0.0 0.0 1.0 0.0
P1: 2355.722801 0.0 988.138054 -478.200589 0.0 2355.722801 508.051838 0.0 0.0 0.0 1.0 0.0
P2: 2322.4 0.0 667.777 0.0 0.0 2322.4 261.144 0.0 0.0 0.0 1.0 0.0
P3: 2322.4 0.0 667.777 0.0 0.0 2322.4 261.144 0.0 0.0 0.0 1.0 0.0
R0_rect: 1.0 0.0 0.0 0.0 1.0 0.0 0.0 0.0 1.0
Tr_velo_to_cam: 0.03689058379233071 -0.9992968758048723 0.006696180559289254 -0.018012615198666156 0.014094773874223974 -0.006179768217739806 -0.9998815668939043 -0.34161603785602224 0.9992199068157595 0.03698059587671069 0.013856888240434411 -0.3035781025407749 0.0 0.0 0.0 1.0
Tr_radar_to_cam: 0.03689058379233071 -0.9992968758048723 0.006696180559289254 0.005772892164690582 0.014094773874223974 -0.006179768217739806 -0.9998815668939043 0.6137862482498115 0.9992199068157595 0.03698059587671069 0.013856888240434411 1.8073417391972324 0.0 0.0 0.0 1.0
