P0: 2322.4 0.0 667.777 0.0 0.0 2322.4 261.144 0.0 0.0 0.0 1.0 0.0
P1: 2322.4 0.0 667.777 0.0 0.0 2322.4 261.144 0.0 0.0 0.0 1.0 0.0
P2: 2355.722801 0.0 988.138054 0.0 0.0 2355.722801 508.051838 0.0 0.0 0.0 1.0 0.0
P3: 2355.722801 0.0 988.138054 -478.200589 0.0 2355.722801 508.051838 0.0 0.0 0.0 1.0 0.0
R0_rect: 1.0 0.0 0.0 0.0 1.0 0.0 0.0 0.0 1.0
Tr_velo_to_cam: 0.019182254004378424 -0.999814941483157 -0.001457366920958193 0.09446519283833317 0.004827824788246401 0.0015502436327140112 -0.9999871443436125 -0.31301523548185484 0.9998043474796083 0.019174971491765617 0.004856668525282896 -0.29075840489873284 0.0 0.0 0.0 1.0
Tr_radar_to_cam: 0.019182254004378424 -0.999814941483157 -0.001457366920958193 0.0881691239274013 0.004827824788246401 0.0015502436327140112 -0.9999871443436125 0.6231794103543644 0.9998043474796083 0.019174971491765617 0.004856668525282896 1.8288740636023197 0.0 0.0 0.0 1.0
